3 9 12 21 33 54 87 141 228 369 597 966 
3 13 16 29 45 74 119 193 312 505 817 1322 
3 17 20 37 57 94 151 245 396 641 1037 1678 
3 22 25 47 72 119 191 310 501 811 1312 2123 
3 26 29 55 84 139 223 362 585 947 1532 2479 
3 28 31 59 90 149 239 388 627 1015 1642 2657 
3 29 32 61 93 154 247 401 648 1049 1697 2746 
3 31 34 65 99 164 263 427 690 1117 1807 2924 
3 33 36 69 105 174 279 453 732 1185 1917 3102 
3 37 40 77 117 194 311 505 816 1321 2137 3458 
3 39 42 81 123 204 327 531 858 1389 2247 3636 
3 41 44 85 129 214 343 557 900 1457 2357 3814 
3 42 45 87 132 219 351 570 921 1491 2412 3903 
3 44 47 91 138 229 367 596 963 1559 2522 4081 
3 46 49 95 144 239 383 622 1005 1627 2632 4259 
3 49 52 101 153 254 407 661 1068 1729 2797 4526 
3 51 54 105 159 264 423 687 1110 1797 2907 4704 
3 54 57 111 168 279 447 726 1173 1899 3072 4971 
3 55 58 113 171 284 455 739 1194 1933 3127 5060 
3 60 63 123 186 309 495 804 1299 2103 3402 5505 
9 13 22 35 57 92 149 241 390 631 1021 1652 
9 17 26 43 69 112 181 293 474 767 1241 2008 
9 22 31 53 84 137 221 358 579 937 1516 2453 
9 26 35 61 96 157 253 410 663 1073 1736 2809 
9 28 37 65 102 167 269 436 705 1141 1846 2987 
9 29 38 67 105 172 277 449 726 1175 1901 3076 
9 31 40 71 111 182 293 475 768 1243 2011 3254 
9 33 42 75 117 192 309 501 810 1311 2121 3432 
9 37 46 83 129 212 341 553 894 1447 2341 3788 
9 39 48 87 135 222 357 579 936 1515 2451 3966 
9 41 50 91 141 232 373 605 978 1583 2561 4144 
9 42 51 93 144 237 381 618 999 1617 2616 4233 
9 44 53 97 150 247 397 644 1041 1685 2726 4411 
9 46 55 101 156 257 413 670 1083 1753 2836 4589 
9 49 58 107 165 272 437 709 1146 1855 3001 4856 
9 51 60 111 171 282 453 735 1188 1923 3111 5034 
9 54 63 117 180 297 477 774 1251 2025 3276 5301 
9 55 64 119 183 302 485 787 1272 2059 3331 5390 
9 60 69 129 198 327 525 852 1377 2229 3606 5835 
13 17 30 47 77 124 201 325 526 851 1377 2228 
13 22 35 57 92 149 241 390 631 1021 1652 2673 
13 26 39 65 104 169 273 442 715 1157 1872 3029 
13 28 41 69 110 179 289 468 757 1225 1982 3207 
13 29 42 71 113 184 297 481 778 1259 2037 3296 
13 31 44 75 119 194 313 507 820 1327 2147 3474 
13 33 46 79 125 204 329 533 862 1395 2257 3652 
13 37 50 87 137 224 361 585 946 1531 2477 4008 
13 39 52 91 143 234 377 611 988 1599 2587 4186 
13 41 54 95 149 244 393 637 1030 1667 2697 4364 
13 42 55 97 152 249 401 650 1051 1701 2752 4453 
13 44 57 101 158 259 417 676 1093 1769 2862 4631 
13 46 59 105 164 269 433 702 1135 1837 2972 4809 
13 49 62 111 173 284 457 741 1198 1939 3137 5076 
13 51 64 115 179 294 473 767 1240 2007 3247 5254 
13 54 67 121 188 309 497 806 1303 2109 3412 5521 
13 55 68 123 191 314 505 819 1324 2143 3467 5610 
13 60 73 133 206 339 545 884 1429 2313 3742 6055 
17 22 39 61 100 161 261 422 683 1105 1788 2893 
17 26 43 69 112 181 293 474 767 1241 2008 3249 
17 28 45 73 118 191 309 500 809 1309 2118 3427 
17 29 46 75 121 196 317 513 830 1343 2173 3516 
17 31 48 79 127 206 333 539 872 1411 2283 3694 
17 33 50 83 133 216 349 565 914 1479 2393 3872 
17 37 54 91 145 236 381 617 998 1615 2613 4228 
17 39 56 95 151 246 397 643 1040 1683 2723 4406 
17 41 58 99 157 256 413 669 1082 1751 2833 4584 
17 42 59 101 160 261 421 682 1103 1785 2888 4673 
17 44 61 105 166 271 437 708 1145 1853 2998 4851 
17 46 63 109 172 281 453 734 1187 1921 3108 5029 
17 49 66 115 181 296 477 773 1250 2023 3273 5296 
17 51 68 119 187 306 493 799 1292 2091 3383 5474 
17 54 71 125 196 321 517 838 1355 2193 3548 5741 
17 55 72 127 199 326 525 851 1376 2227 3603 5830 
17 60 77 137 214 351 565 916 1481 2397 3878 6275 
22 26 48 74 122 196 318 514 832 1346 2178 3524 
22 28 50 78 128 206 334 540 874 1414 2288 3702 
22 29 51 80 131 211 342 553 895 1448 2343 3791 
22 31 53 84 137 221 358 579 937 1516 2453 3969 
22 33 55 88 143 231 374 605 979 1584 2563 4147 
22 37 59 96 155 251 406 657 1063 1720 2783 4503 
22 39 61 100 161 261 422 683 1105 1788 2893 4681 
22 41 63 104 167 271 438 709 1147 1856 3003 4859 
22 42 64 106 170 276 446 722 1168 1890 3058 4948 
22 44 66 110 176 286 462 748 1210 1958 3168 5126 
22 46 68 114 182 296 478 774 1252 2026 3278 5304 
22 49 71 120 191 311 502 813 1315 2128 3443 5571 
22 51 73 124 197 321 518 839 1357 2196 3553 5749 
22 54 76 130 206 336 542 878 1420 2298 3718 6016 
22 55 77 132 209 341 550 891 1441 2332 3773 6105 
22 60 82 142 224 366 590 956 1546 2502 4048 6550 
26 28 54 82 136 218 354 572 926 1498 2424 3922 
26 29 55 84 139 223 362 585 947 1532 2479 4011 
26 31 57 88 145 233 378 611 989 1600 2589 4189 
26 33 59 92 151 243 394 637 1031 1668 2699 4367 
26 37 63 100 163 263 426 689 1115 1804 2919 4723 
26 39 65 104 169 273 442 715 1157 1872 3029 4901 
26 41 67 108 175 283 458 741 1199 1940 3139 5079 
26 42 68 110 178 288 466 754 1220 1974 3194 5168 
26 44 70 114 184 298 482 780 1262 2042 3304 5346 
26 46 72 118 190 308 498 806 1304 2110 3414 5524 
26 49 75 124 199 323 522 845 1367 2212 3579 5791 
26 51 77 128 205 333 538 871 1409 2280 3689 5969 
26 54 80 134 214 348 562 910 1472 2382 3854 6236 
26 55 81 136 217 353 570 923 1493 2416 3909 6325 
26 60 86 146 232 378 610 988 1598 2586 4184 6770 
28 29 57 86 143 229 372 601 973 1574 2547 4121 
28 31 59 90 149 239 388 627 1015 1642 2657 4299 
28 33 61 94 155 249 404 653 1057 1710 2767 4477 
28 37 65 102 167 269 436 705 1141 1846 2987 4833 
28 39 67 106 173 279 452 731 1183 1914 3097 5011 
28 41 69 110 179 289 468 757 1225 1982 3207 5189 
28 42 70 112 182 294 476 770 1246 2016 3262 5278 
28 44 72 116 188 304 492 796 1288 2084 3372 5456 
28 46 74 120 194 314 508 822 1330 2152 3482 5634 
28 49 77 126 203 329 532 861 1393 2254 3647 5901 
28 51 79 130 209 339 548 887 1435 2322 3757 6079 
28 54 82 136 218 354 572 926 1498 2424 3922 6346 
28 55 83 138 221 359 580 939 1519 2458 3977 6435 
28 60 88 148 236 384 620 1004 1624 2628 4252 6880 
29 31 60 91 151 242 393 635 1028 1663 2691 4354 
29 33 62 95 157 252 409 661 1070 1731 2801 4532 
29 37 66 103 169 272 441 713 1154 1867 3021 4888 
29 39 68 107 175 282 457 739 1196 1935 3131 5066 
29 41 70 111 181 292 473 765 1238 2003 3241 5244 
29 42 71 113 184 297 481 778 1259 2037 3296 5333 
29 44 73 117 190 307 497 804 1301 2105 3406 5511 
29 46 75 121 196 317 513 830 1343 2173 3516 5689 
29 49 78 127 205 332 537 869 1406 2275 3681 5956 
29 51 80 131 211 342 553 895 1448 2343 3791 6134 
29 54 83 137 220 357 577 934 1511 2445 3956 6401 
29 55 84 139 223 362 585 947 1532 2479 4011 6490 
29 60 89 149 238 387 625 1012 1637 2649 4286 6935 
31 33 64 97 161 258 419 677 1096 1773 2869 4642 
31 37 68 105 173 278 451 729 1180 1909 3089 4998 
31 39 70 109 179 288 467 755 1222 1977 3199 5176 
31 41 72 113 185 298 483 781 1264 2045 3309 5354 
31 42 73 115 188 303 491 794 1285 2079 3364 5443 
31 44 75 119 194 313 507 820 1327 2147 3474 5621 
31 46 77 123 200 323 523 846 1369 2215 3584 5799 
31 49 80 129 209 338 547 885 1432 2317 3749 6066 
31 51 82 133 215 348 563 911 1474 2385 3859 6244 
31 54 85 139 224 363 587 950 1537 2487 4024 6511 
31 55 86 141 227 368 595 963 1558 2521 4079 6600 
31 60 91 151 242 393 635 1028 1663 2691 4354 7045 
33 37 70 107 177 284 461 745 1206 1951 3157 5108 
33 39 72 111 183 294 477 771 1248 2019 3267 5286 
33 41 74 115 189 304 493 797 1290 2087 3377 5464 
33 42 75 117 192 309 501 810 1311 2121 3432 5553 
33 44 77 121 198 319 517 836 1353 2189 3542 5731 
33 46 79 125 204 329 533 862 1395 2257 3652 5909 
33 49 82 131 213 344 557 901 1458 2359 3817 6176 
33 51 84 135 219 354 573 927 1500 2427 3927 6354 
33 54 87 141 228 369 597 966 1563 2529 4092 6621 
33 55 88 143 231 374 605 979 1584 2563 4147 6710 
33 60 93 153 246 399 645 1044 1689 2733 4422 7155 
37 39 76 115 191 306 497 803 1300 2103 3403 5506 
37 41 78 119 197 316 513 829 1342 2171 3513 5684 
37 42 79 121 200 321 521 842 1363 2205 3568 5773 
37 44 81 125 206 331 537 868 1405 2273 3678 5951 
37 46 83 129 212 341 553 894 1447 2341 3788 6129 
37 49 86 135 221 356 577 933 1510 2443 3953 6396 
37 51 88 139 227 366 593 959 1552 2511 4063 6574 
37 54 91 145 236 381 617 998 1615 2613 4228 6841 
37 55 92 147 239 386 625 1011 1636 2647 4283 6930 
37 60 97 157 254 411 665 1076 1741 2817 4558 7375 
39 41 80 121 201 322 523 845 1368 2213 3581 5794 
39 42 81 123 204 327 531 858 1389 2247 3636 5883 
39 44 83 127 210 337 547 884 1431 2315 3746 6061 
39 46 85 131 216 347 563 910 1473 2383 3856 6239 
39 49 88 137 225 362 587 949 1536 2485 4021 6506 
39 51 90 141 231 372 603 975 1578 2553 4131 6684 
39 54 93 147 240 387 627 1014 1641 2655 4296 6951 
39 55 94 149 243 392 635 1027 1662 2689 4351 7040 
39 60 99 159 258 417 675 1092 1767 2859 4626 7485 
41 42 83 125 208 333 541 874 1415 2289 3704 5993 
41 44 85 129 214 343 557 900 1457 2357 3814 6171 
41 46 87 133 220 353 573 926 1499 2425 3924 6349 
41 49 90 139 229 368 597 965 1562 2527 4089 6616 
41 51 92 143 235 378 613 991 1604 2595 4199 6794 
41 54 95 149 244 393 637 1030 1667 2697 4364 7061 
41 55 96 151 247 398 645 1043 1688 2731 4419 7150 
41 60 101 161 262 423 685 1108 1793 2901 4694 7595 
42 44 86 130 216 346 562 908 1470 2378 3848 6226 
42 46 88 134 222 356 578 934 1512 2446 3958 6404 
42 49 91 140 231 371 602 973 1575 2548 4123 6671 
42 51 93 144 237 381 618 999 1617 2616 4233 6849 
42 54 96 150 246 396 642 1038 1680 2718 4398 7116 
42 55 97 152 249 401 650 1051 1701 2752 4453 7205 
42 60 102 162 264 426 690 1116 1806 2922 4728 7650 
44 46 90 136 226 362 588 950 1538 2488 4026 6514 
44 49 93 142 235 377 612 989 1601 2590 4191 6781 
44 51 95 146 241 387 628 1015 1643 2658 4301 6959 
44 54 98 152 250 402 652 1054 1706 2760 4466 7226 
44 55 99 154 253 407 660 1067 1727 2794 4521 7315 
44 60 104 164 268 432 700 1132 1832 2964 4796 7760 
46 49 95 144 239 383 622 1005 1627 2632 4259 6891 
46 51 97 148 245 393 638 1031 1669 2700 4369 7069 
46 54 100 154 254 408 662 1070 1732 2802 4534 7336 
46 55 101 156 257 413 670 1083 1753 2836 4589 7425 
46 60 106 166 272 438 710 1148 1858 3006 4864 7870 
49 51 100 151 251 402 653 1055 1708 2763 4471 7234 
49 54 103 157 260 417 677 1094 1771 2865 4636 7501 
49 55 104 159 263 422 685 1107 1792 2899 4691 7590 
49 60 109 169 278 447 725 1172 1897 3069 4966 8035 
51 54 105 159 264 423 687 1110 1797 2907 4704 7611 
51 55 106 161 267 428 695 1123 1818 2941 4759 7700 
51 60 111 171 282 453 735 1188 1923 3111 5034 8145 
54 55 109 164 273 437 710 1147 1857 3004 4861 7865 
54 60 114 174 288 462 750 1212 1962 3174 5136 8310 
55 60 115 175 290 465 755 1220 1975 3195 5170 8365 
